1.125
1.065
0.805
0.365
-0.08
-0.36
-0.44
-0.41
-0.365
-0.335
-0.32
-0.32
-0.325
-0.33
-0.335
-0.345
-0.35
-0.34
-0.34
-0.345
-0.355
-0.36
-0.37
-0.36
-0.345
-0.355
-0.37
-0.37
-0.375
-0.375
-0.35
-0.345
-0.355
-0.36
-0.35
-0.345
-0.345
-0.36
-0.355
-0.37
-0.365
-0.365
-0.35
-0.35
-0.35
-0.355
-0.35
-0.335
-0.345
-0.345
-0.36
-0.365
-0.365
-0.37
-0.36
-0.35
-0.37
-0.385
-0.37
-0.37
-0.355
-0.35
-0.355
-0.37
-0.37
-0.36
-0.35
-0.35
-0.345
-0.365
-0.36
-0.355
-0.35
-0.35
-0.345
-0.37
-0.36
-0.345
-0.355
-0.36
-0.36
-0.37
-0.365
-0.37
-0.365
-0.36
-0.37
-0.38
-0.37
-0.355
-0.355
-0.35
-0.36
-0.36
-0.36
-0.35
-0.35
-0.355
-0.355
-0.355
-0.35
-0.33
-0.325
-0.325
-0.32
-0.32
-0.31
-0.3
-0.28
-0.27
-0.28
-0.28
-0.265
-0.255
-0.235
-0.225
-0.24
-0.235
-0.24
-0.235
-0.215
-0.215
-0.22
-0.235
-0.24
-0.225
-0.22
-0.225
-0.235
-0.25
-0.245
-0.24
-0.235
-0.235
-0.245
-0.265
-0.26
-0.245
-0.23
-0.245
-0.26
-0.265
-0.26
-0.255
-0.25
-0.255
-0.27
-0.275
-0.27
-0.255
-0.255
-0.26
-0.265
-0.27
-0.265
-0.255
-0.255
-0.27
-0.275
-0.29
-0.28
-0.275
-0.27
-0.285
-0.305
-0.31
-0.305
-0.305
-0.29
-0.295
-0.305
-0.315
-0.305
-0.3
-0.3
-0.295
-0.31
-0.31
-0.32
-0.31
-0.305
-0.305
-0.31
-0.31
-0.305
-0.305
-0.295
-0.295
-0.3
-0.32
-0.315
-0.3
-0.29
-0.29
-0.315
-0.32
-0.31
-0.305
-0.305
-0.305
-0.31
-0.325
-0.31
-0.3
-0.285
-0.285
-0.305
-0.315
-0.3
-0.295
-0.285
-0.28
-0.285
-0.29
-0.29
-0.28
-0.27
-0.265
-0.26
-0.255
-0.235
-0.22
-0.215
-0.21
-0.21
-0.21
-0.205
-0.185
-0.165
-0.18
-0.19
-0.205
-0.21
-0.21
-0.21
-0.205
-0.2
-0.225
-0.225
-0.21
-0.19
-0.165
-0.17
-0.21
-0.24
-0.25
-0.255
-0.275
-0.285
-0.305
-0.315
-0.325
-0.32
-0.32
-0.315
-0.33
-0.335
-0.325
-0.33
-0.325
-0.325
-0.35
-0.34
-0.32
-0.335
-0.32
-0.335
-0.345
-0.34
-0.335
-0.325
-0.32
-0.325
-0.34
-0.335
-0.355
-0.39
-0.425
-0.465
-0.51
-0.54
-0.53
-0.47
-0.35
-0.195
-0.02
0.22
0.525
0.78
0.95
0.975
0.795
0.395
-0.07
-0.39
-0.5
-0.455
-0.395
-0.37
-0.355
-0.35
-0.355
-0.36
-0.375
-0.365
-0.36
-0.355
-0.36
-0.375
-0.375
-0.37
-0.37
-0.375
-0.37
-0.38
-0.39
-0.395
-0.4
-0.38
-0.385
-0.39
-0.395
-0.4
-0.385
-0.38
-0.375
-0.38
-0.39
-0.39
-0.375
-0.37
-0.375
-0.385
-0.405
-0.395
-0.39
-0.39
-0.385
-0.405
-0.39
-0.4
-0.385
-0.375
-0.37
-0.38
-0.385
-0.39
-0.39
-0.39
-0.38
-0.385
-0.395
-0.4
-0.39
-0.385
-0.385
-0.39
-0.405
-0.4
-0.39
-0.39
-0.39
-0.405
-0.41
-0.4
-0.39
-0.38
-0.39
-0.4
-0.395
-0.385
-0.385
-0.375
-0.375
-0.38
-0.4
-0.395
-0.41
-0.405
-0.415
-0.41
-0.43
-0.435
-0.415
-0.395
-0.405
-0.405
-0.415
-0.385
-0.38
-0.35
-0.355
-0.36
-0.36
-0.36
-0.35
-0.33
-0.325
-0.32
-0.32
-0.32
-0.315
-0.295
-0.3
-0.305
-0.315
-0.315
-0.315
-0.315
-0.305
-0.315
-0.325
-0.32
-0.305
-0.29
-0.3
-0.295
-0.305
-0.29
-0.29
-0.28
-0.29
-0.305
-0.325
-0.32
-0.315
-0.32
-0.335
-0.335
-0.345
-0.335
-0.325
-0.32
-0.335
-0.335
-0.365
-0.36
-0.35
-0.345
-0.35
-0.355
-0.365
-0.365
-0.36
-0.35
-0.37
-0.37
-0.375
-0.365
-0.365
-0.355
-0.355
-0.365
-0.38
-0.38
-0.375
-0.37
-0.385
-0.385
-0.395
-0.395
-0.385
-0.37
-0.38
-0.395
-0.405
-0.4
-0.39
-0.385
-0.385
-0.39
-0.4
-0.4
-0.39
-0.385
-0.385
-0.385
-0.4
-0.4
-0.395
-0.395
-0.395
-0.395
-0.41
-0.395
-0.385
-0.37
-0.375
-0.395
-0.4
-0.41
-0.415
-0.41
-0.41
-0.42
-0.405
-0.385
-0.36
-0.355
-0.35
-0.34
-0.355
-0.335
-0.315
-0.305
-0.315
-0.33
-0.325
-0.325
-0.3
-0.29
-0.29
-0.295
-0.3
-0.3
-0.29
-0.295
-0.305
-0.315
-0.31
-0.31
-0.315
-0.31
-0.315
-0.315
-0.31
-0.28
-0.265
-0.275
-0.3
-0.33
-0.365
-0.385
-0.385
-0.385
-0.395
-0.415
-0.425
-0.425
-0.42
-0.405
-0.41
-0.415
-0.44
-0.435
-0.43
-0.415
-0.415
-0.44
-0.445
-0.445
-0.445
-0.425
-0.435
-0.445
-0.455
-0.445
-0.44
-0.425
-0.45
-0.475
-0.53
-0.545
-0.54
-0.57
-0.625
-0.635
-0.57
-0.42
-0.26
-0.055
0.2
0.475
0.7
0.835
0.795
0.535
0.13
-0.275
-0.51
-0.595
-0.57
-0.515
-0.47
-0.47
-0.485
-0.51
-0.485
-0.485
-0.48
-0.485
-0.51
-0.51
-0.495
-0.47
-0.46
-0.47
-0.485
-0.485
-0.48
-0.47
-0.455
-0.45
-0.47
-0.48
-0.485
-0.48
-0.47
-0.475
-0.495
-0.485
-0.485
-0.475
-0.47
-0.485
-0.5
-0.51
-0.485
-0.505
-0.495
-0.5
-0.52
-0.505
-0.51
-0.495
-0.5
-0.51
-0.525
-0.52
-0.51
-0.49
-0.485
-0.485
-0.5
-0.485
-0.475
-0.475
-0.475
-0.485
-0.495
-0.49
-0.49
-0.475
-0.475
-0.48
-0.49
-0.475
-0.48
-0.47
-0.495
-0.505
-0.505
-0.5
-0.5
-0.505
-0.515
-0.525
-0.53
-0.53
-0.52
-0.515
-0.525
-0.525
-0.545
-0.535
-0.54
-0.525
-0.535
-0.53
-0.535
-0.535
-0.52
-0.51
-0.505
-0.5
-0.5
-0.49
-0.47
-0.47
-0.47
-0.475
-0.5
-0.475
-0.45
-0.44
-0.43
-0.43
-0.425
-0.42
-0.4
-0.39
-0.385
-0.385
-0.38
-0.375
-0.37
-0.365
-0.36
-0.37
-0.38
-0.38
-0.365
-0.355
-0.36
-0.355
-0.365
-0.375
-0.36
-0.35
-0.35
-0.355
-0.37
-0.37
-0.36
-0.35
-0.365
-0.375
-0.385
-0.37
-0.375
-0.36
-0.36
-0.385
-0.4
-0.4
-0.39
-0.39
-0.39
-0.4
-0.41
-0.395
-0.385
-0.39
-0.385
-0.39
-0.415
-0.405
-0.41
-0.39
-0.395
-0.395
-0.415
-0.405
-0.4
-0.4
-0.405
-0.405
-0.415
-0.415
-0.42
-0.405
-0.405
-0.41
-0.42
-0.415
-0.395
-0.395
-0.41
-0.39
-0.39
-0.395
-0.39
-0.38
-0.37
-0.385
-0.395
-0.385
-0.385
-0.385
-0.385
-0.395
-0.4
-0.395
-0.395
-0.385
-0.39
-0.385
-0.405
-0.425
-0.395
-0.39
-0.385
-0.39
-0.395
-0.39
-0.39
-0.38
-0.38
-0.385
-0.38
-0.37
-0.36
-0.34
-0.33
-0.33
-0.335
-0.325
-0.315
-0.29
-0.29
-0.305
-0.305
-0.28
-0.275
-0.255
-0.255
-0.275
-0.285
-0.3
-0.275
-0.28
-0.285
-0.285
-0.295
-0.29
-0.3
-0.28
-0.28
-0.27
-0.26
-0.27
-0.28
-0.3
-0.315
-0.33
-0.355
-0.37
-0.37
-0.355
-0.365
-0.38
-0.38
-0.38
-0.375
-0.375
-0.38
-0.385
-0.39
-0.395
-0.395
-0.38
-0.38
-0.385
-0.39
-0.395
-0.37
-0.375
-0.375
-0.375
-0.39
-0.38
-0.37
-0.365
-0.375
-0.385
-0.41
-0.43
-0.46
-0.485
-0.505
-0.52
-0.565
-0.555
-0.46
-0.31
-0.14
0.04
0.245
0.505
0.775
0.935
0.995
0.875
0.56
0.13
-0.255
-0.45
-0.5
-0.48
-0.445
-0.405
-0.38
-0.385
-0.39
-0.41
-0.415
-0.405
-0.415
-0.4
-0.415
-0.415
-0.425
-0.41
-0.41
-0.405
-0.415
-0.43
-0.44
-0.44
-0.43
-0.415
-0.425
-0.425
-0.44
-0.44
-0.425
-0.41
-0.41
-0.415
-0.43
-0.42
-0.415
-0.41
-0.405
-0.41
-0.42
-0.415
-0.415
-0.4
-0.395
-0.4
-0.41
-0.4
-0.4
-0.39
-0.405
-0.405
-0.41
-0.41
-0.415
-0.41
-0.42
-0.43
-0.425
-0.43
-0.42
-0.405
-0.4
-0.41
-0.415
-0.42
-0.405
-0.4
-0.395
-0.405
-0.415
-0.42
-0.41
-0.395
-0.405
-0.415
-0.42
-0.425
-0.415
-0.405
-0.43
-0.435
-0.445
-0.445
-0.44
-0.435
-0.435
-0.44
-0.45
-0.45
-0.445
-0.435
-0.435
-0.43
-0.45
-0.44
-0.425
-0.415
-0.41
-0.415
-0.43
-0.41
-0.395
-0.385
-0.365
-0.36
-0.365
-0.355
-0.345
-0.315
-0.3
-0.3
-0.31
-0.3
-0.285
-0.27
-0.275
-0.275
-0.28
-0.285
-0.26
-0.26
-0.255
-0.27
-0.265
-0.275
-0.27
-0.265
-0.265
-0.275
-0.29
-0.285
-0.285
-0.27
-0.265
-0.28
-0.27
-0.285
-0.265
-0.26
-0.25
-0.25
-0.275
-0.275
-0.27
-0.26
-0.26
-0.27
-0.28
-0.29
-0.275
-0.265
-0.275
-0.275
-0.285
-0.285
-0.28
-0.265
-0.275
-0.285
-0.305
-0.305
-0.3
-0.295
-0.3
-0.305
-0.305
-0.31
-0.305
-0.295
-0.295
-0.305
-0.31
-0.305
-0.3
-0.3
-0.305
-0.305
-0.32
-0.31
-0.315
-0.3
-0.31
-0.325
-0.32
-0.33
-0.3
-0.3
-0.305
-0.31
-0.33
-0.345
-0.32
-0.315
-0.305
-0.315
-0.315
-0.325
-0.305
-0.3
-0.3
-0.3
-0.31
-0.305
-0.295
-0.29
-0.295
-0.3
-0.315
-0.3
-0.29
-0.295
-0.3
-0.295
-0.305
-0.3
-0.3
-0.285
-0.28
-0.29
-0.31
-0.31
-0.305
-0.285
-0.285
-0.28
-0.285
-0.275
-0.255
-0.235
-0.235
-0.23
-0.235
-0.225
-0.215
-0.205
-0.195
-0.2
-0.195
-0.185
-0.18
-0.17
-0.18
-0.19
-0.205
-0.21
-0.2
-0.2
-0.2
-0.205
-0.21
-0.22
-0.195
-0.165
-0.17
-0.195
-0.215
-0.245
-0.255
-0.255
-0.265
-0.285
-0.29
-0.31
-0.3
-0.3
-0.295
-0.295
-0.31
-0.305
-0.305
-0.295
-0.305
-0.315
-0.325
-0.335
-0.325
-0.31
-0.32
-0.315
-0.315
-0.33
-0.31
-0.305
-0.305
-0.31
-0.33
-0.345
-0.37
-0.39
-0.42
-0.435
-0.43
-0.44
-0.465
-0.495
-0.495
-0.42
-0.28
-0.12
0.09
0.32
0.605
0.87
1.035
1.08
0.955
0.6
0.105
-0.275
-0.445
-0.44
-0.37
-0.32
-0.31
-0.32
-0.335
-0.34
-0.335
-0.305
-0.325
-0.33
-0.35
-0.345
-0.335
-0.335
-0.335
-0.355
-0.36
-0.365
-0.355
-0.345
-0.355
-0.35
-0.365
-0.36
-0.35
-0.34
-0.34
-0.35
-0.355
-0.35
-0.35
-0.33
-0.34
-0.345
-0.35
-0.36
-0.35
-0.335
-0.34
-0.345
-0.35
-0.35
-0.345
-0.335
-0.35
-0.345
-0.355
-0.36
-0.345
-0.34
-0.33
-0.335
-0.35
-0.35
-0.335
-0.315
-0.33
-0.32
-0.34
-0.34
-0.325
-0.32
-0.32
-0.325
-0.335
-0.335
-0.335
-0.32
-0.32
-0.32
-0.335
-0.34
-0.34
-0.33
-0.33
-0.34
-0.345
-0.345
-0.34
-0.325
-0.33
-0.325
-0.34
-0.35
-0.335
-0.325
-0.32
-0.32
-0.335
-0.325
-0.325
-0.315
-0.31
-0.32
-0.31
-0.31
-0.29
-0.275
-0.275
-0.275
-0.275
-0.275
-0.245
-0.245
-0.23
-0.235
-0.24
-0.23
-0.215
-0.205
-0.19
-0.195
-0.19
-0.205
-0.195
-0.18
-0.185
-0.185
-0.19
-0.19
-0.175
-0.175
-0.18
-0.195
-0.2
-0.2
-0.18
-0.18
-0.175
-0.18
-0.21
-0.205
-0.2
-0.19
-0.195
-0.205
-0.215
-0.215
-0.21
-0.2
-0.22
-0.215
-0.235
-0.22
-0.205
-0.195
-0.195
-0.21
-0.22
-0.225
-0.215
-0.205
-0.215
-0.22
-0.24
-0.255
-0.23
-0.23
-0.235
-0.245
-0.245
-0.255
-0.245
-0.235
-0.27
-0.265
-0.27
-0.265
-0.27
-0.25
-0.26
-0.265
-0.265
-0.275
-0.27
-0.25
-0.255
-0.27
-0.26
-0.26
-0.255
-0.245
-0.255
-0.255
-0.265
-0.265
-0.265
-0.25
-0.26
-0.265
-0.275
-0.28
-0.275
-0.26
-0.265
-0.27
-0.275
-0.27
-0.255
-0.24
-0.24
-0.25
-0.255
-0.27
-0.25
-0.24
-0.24
-0.25
-0.245
-0.25
-0.235
-0.215
-0.225
-0.23
-0.235
-0.215
-0.195
-0.18
-0.19
-0.195
-0.19
-0.195
-0.19
-0.18
-0.17
-0.18
-0.175
-0.18
-0.155
-0.14
-0.135
-0.14
-0.145
-0.155
-0.15
-0.14
-0.15
-0.16
-0.165
-0.165
-0.145
-0.15
-0.165
-0.16
-0.145
-0.125
-0.12
-0.14
-0.17
-0.185
-0.205
-0.225
-0.235
-0.235
-0.25
-0.265
-0.265
-0.275
-0.27
-0.255
-0.26
-0.26
-0.27
-0.28
-0.27
-0.265
-0.265
-0.265
-0.285
-0.29
-0.28
-0.27
-0.27
-0.285
-0.295
-0.285
-0.28
-0.285
-0.29
-0.315
-0.345
-0.38
-0.41
-0.405
-0.44
-0.485
-0.49
-0.415
-0.285
-0.13
0.01
0.155
0.335
0.555
0.77
0.92
1.005
1.07
1.125
1.12
0.975
0.645
0.205
-0.16
-0.37
-0.425
-0.39
-0.325
-0.305
-0.295
-0.315
-0.32
-0.31
-0.3
-0.315
-0.32
-0.335
-0.33
-0.315
-0.31
-0.31
-0.31
-0.315
-0.315
-0.32
-0.31
-0.32
-0.33
-0.34
-0.34
-0.32
-0.32
-0.315
-0.31
-0.31
-0.315
-0.31
-0.3
-0.305
-0.32
-0.325
-0.33
-0.315
-0.3
-0.315
-0.31
-0.325
-0.33
-0.325
-0.315
-0.32
-0.32
-0.32
-0.335
-0.31
-0.31
-0.305
-0.32
-0.33
-0.315
-0.305
-0.3
-0.315
-0.32
-0.335
-0.33
-0.335
-0.31
-0.325
-0.325
-0.325
-0.32
-0.305
-0.295
-0.315
-0.335
-0.345
-0.345
-0.34
-0.335
-0.335
-0.345
-0.345
-0.35
-0.345
-0.335
-0.335
-0.34
-0.345
-0.355
-0.335
-0.315
-0.33
-0.335
-0.345
-0.35
-0.335
-0.32
-0.325
-0.335
-0.335
-0.355
-0.335
-0.325
-0.315
-0.315
-0.31
-0.305
-0.285
-0.255
-0.26
-0.255
-0.255
-0.265
-0.25
-0.23
-0.225
-0.235
-0.225
-0.245
-0.22
-0.225
-0.215
-0.225
-0.225
-0.23
-0.225
-0.22
-0.225
-0.23
-0.24
-0.235
-0.23
-0.225
-0.22
-0.235
-0.265
-0.26
-0.26
-0.235
-0.235
-0.24
-0.255
-0.25
-0.235
-0.245
-0.245
-0.255
-0.25
-0.27
-0.245
-0.24
-0.25
-0.26
-0.26
-0.27
-0.255
-0.255
-0.265
-0.275
-0.28
-0.295
-0.285
-0.265
-0.27
-0.285
-0.285
-0.29
-0.28
-0.28
-0.275
-0.29
-0.285
-0.29
-0.285
-0.275
-0.29
-0.295
-0.305
-0.31
-0.3
-0.295
-0.29
-0.295
-0.29
-0.305
-0.29
-0.29
-0.3
-0.305
-0.32
-0.32
-0.315
-0.295
-0.295
-0.29
-0.305
-0.31
-0.29
-0.285
-0.3
-0.3
-0.295
-0.295
-0.29
-0.285
-0.29
-0.31
-0.31
-0.305
-0.29
-0.29
-0.295
-0.29
-0.295
-0.285
-0.275
-0.245
-0.25
-0.25
-0.245
-0.255
-0.24
-0.235
-0.225
-0.225
-0.225
-0.23
-0.2
-0.185
-0.195
-0.19
-0.195
-0.215
-0.2
-0.19
-0.21
-0.215
-0.23
-0.235
-0.225
-0.23
-0.24
-0.245
-0.23
-0.225
-0.205
-0.22
-0.25
-0.29
-0.295
-0.32
-0.32
-0.305
-0.32
-0.33
-0.33
-0.33
-0.325
-0.315
-0.33
-0.34
-0.36
-0.36
-0.35
-0.335
-0.325
-0.335
-0.34
-0.345
-0.33
-0.325
-0.345
-0.34
-0.345
-0.355
-0.35
-0.345
-0.34
-0.37
-0.395
-0.43
-0.45
-0.47
-0.525
-0.56
-0.515
-0.415
-0.265
-0.09
0.135
0.395
0.645
0.84
0.915
0.79
0.465
0.04
-0.29
-0.455
-0.495
-0.46
-0.425
-0.39
-0.395
-0.395
-0.395
-0.39
-0.375
-0.37
-0.37
-0.385
-0.4
